      0/59     9.24G    0.1099   0.05877   0.02595    0.1946       131       640         0         0 0.0005126 8.085e-05   0.09704   0.06677   0.02374
      1/59     9.23G   0.09412   0.06867   0.02144    0.1842       143       640    0.1251  0.001724   0.05368  0.009822   0.08254    0.0675   0.01945
      2/59     9.23G   0.08116   0.06504   0.01765    0.1638       121       640   0.07296    0.5707    0.2195   0.05832   0.06597    0.0542   0.01757
      3/59     9.23G    0.0708   0.05031   0.01668    0.1378       112       640    0.1109    0.6334    0.2363   0.06044   0.06738   0.04391   0.01517
      4/59     9.23G   0.06736   0.04507   0.01433    0.1268        75       640    0.1895    0.7059    0.3904    0.1177   0.05578   0.04213   0.01332
      5/59     9.23G   0.06255   0.04396   0.01234    0.1188       145       640    0.2226    0.8381    0.5159    0.1663   0.05432   0.03951    0.0104
      6/59     9.23G   0.05893   0.04278  0.009148    0.1109       114       640    0.2666    0.8983    0.6934    0.2514   0.05111   0.03774  0.007306
      7/59     9.23G   0.05574     0.041  0.007172    0.1039       155       640    0.2051    0.9199    0.5477     0.181   0.05152   0.03625  0.005238
      8/59     9.23G   0.05416   0.04143  0.005978    0.1016       123       640    0.2951    0.9138    0.6762    0.2624   0.04634   0.03533  0.004525
      9/59     9.23G    0.0517   0.03971  0.004795   0.09621       143       640     0.279    0.9275    0.6657    0.2717   0.04803   0.03461  0.004035
     10/59     9.23G   0.04913   0.03739   0.00465   0.09117        84       640    0.3366    0.9168    0.7266    0.3126   0.04467    0.0346  0.004337
     11/59     9.23G    0.0572   0.03734  0.004269   0.09882       127       640    0.3769    0.9176    0.7809    0.3187    0.0454   0.03471  0.003798
     12/59     9.23G   0.05156   0.03832   0.00413   0.09402       133       640    0.3421    0.9526    0.7798    0.3801   0.04202   0.03377  0.003348
     13/59     9.23G   0.04928   0.03803  0.004048   0.09135       141       640    0.4353    0.9279    0.8641     0.371   0.04169   0.03314  0.003508
     14/59     9.23G   0.04786   0.03676  0.003375   0.08799        92       640    0.3792    0.9113    0.7743    0.3781   0.04076   0.03385  0.004125
     15/59     9.23G   0.04681   0.03543  0.003502   0.08574       181       640     0.451    0.9086    0.8624    0.3978   0.03957   0.03408  0.003363
     16/59     9.23G   0.04608   0.03589  0.003052   0.08503       128       640    0.4454     0.908    0.8071    0.3517   0.04494   0.03419  0.004122
     17/59     9.23G   0.04366   0.03378  0.003158    0.0806       137       640    0.5066    0.9308    0.8894    0.4212   0.04027   0.03349  0.002839
     18/59     9.23G   0.04724   0.03718  0.003181    0.0876       161       640    0.5337    0.9241    0.8824    0.4136   0.03835   0.03365  0.003587
     19/59     9.23G   0.04326   0.03303  0.002967   0.07925        99       640    0.4347    0.9577    0.8798    0.4192   0.03798   0.03292  0.002955
     20/59     9.23G   0.04425    0.0338  0.002601   0.08065       113       640    0.5162    0.9294    0.8469    0.3838   0.03842    0.0327  0.002537
     21/59     9.23G   0.03921   0.03445  0.002705   0.07637       145       640     0.612    0.9337     0.917    0.4887   0.03546     0.033  0.002667
     22/59     9.23G   0.04084   0.03406  0.002697    0.0776       107       640    0.5969     0.926    0.9018    0.4494   0.03636   0.03301  0.002868
     23/59     9.23G   0.03895   0.03342  0.002412   0.07478       116       640    0.5958    0.9094    0.8957    0.4669   0.03495   0.03262  0.002845
     24/59     9.23G   0.03716   0.03218   0.00235   0.07169       132       640    0.6984    0.8883    0.8827    0.4701   0.03642   0.03428  0.004257
     25/59     9.23G   0.03431   0.03237  0.002184   0.06887       113       640    0.6349     0.923    0.8975    0.4686   0.03404   0.03359  0.003278
     26/59     9.23G   0.03492   0.03208  0.002106   0.06911       145       640    0.6976    0.9138    0.9093    0.5021   0.03279   0.03275  0.002285
     27/59     9.23G     0.035   0.03188  0.001885   0.06877       178       640    0.6549    0.9361    0.9129    0.4858   0.03407   0.03332   0.00268
     28/59     9.23G   0.03359   0.03202   0.00186   0.06748       106       640    0.7585    0.9243    0.9135    0.5075   0.03129   0.03321  0.002952
     29/59     9.23G   0.02998   0.03067  0.001905   0.06255       138       640    0.7161    0.9145    0.9068    0.5199   0.03046   0.03301  0.002327
     30/59     9.23G   0.03217    0.0302  0.001693   0.06406       122       640    0.7242    0.9441    0.9418    0.5264   0.03053   0.03258  0.001982
     31/59     9.23G   0.02871   0.03012   0.00155   0.06038       138       640    0.7524    0.8841    0.8937    0.5086   0.03061   0.03392  0.003357
     32/59     9.23G   0.02877   0.03005  0.001438   0.06025       159       640    0.7349    0.9273    0.9202    0.5274   0.02986   0.03319  0.002393
     33/59     9.23G   0.02763   0.02854  0.001383   0.05756       156       640    0.7337    0.9426    0.9328    0.5224   0.03116   0.03259  0.002213
     34/59     9.23G   0.02991   0.02877  0.001529    0.0602       116       640    0.7654     0.912    0.9119    0.5161   0.02988   0.03324  0.001922
     35/59     9.23G   0.02737   0.02936  0.001373    0.0581       140       640    0.7305    0.9124    0.9094    0.5219   0.03032    0.0327  0.002622
     36/59     9.23G   0.02766   0.02866  0.001386    0.0577       149       640    0.7284     0.934    0.9255    0.5342   0.02923   0.03211  0.002565
     37/59     9.23G   0.02613   0.02766  0.001148   0.05494       102       640    0.7735      0.91    0.9083    0.5355   0.02955   0.03274  0.003522
     38/59     9.23G   0.02617   0.02617  0.001283   0.05363       122       640    0.7715    0.8784    0.8766    0.4894   0.03127   0.03407  0.004435
     39/59     9.23G   0.02549   0.02715  0.001076   0.05372       126       640    0.7692    0.9085    0.9098    0.5319   0.02952   0.03343  0.002289
     40/59     9.23G   0.02542   0.02668   0.00122   0.05333       152       640    0.7609    0.9065    0.9059    0.5253   0.03027   0.03395    0.0022
     41/59     9.23G   0.02448   0.02624  0.001085    0.0518       128       640    0.7704    0.9051    0.9067    0.5355   0.02949   0.03338  0.003076
     42/59     9.23G   0.02358   0.02655 0.0009823   0.05111       167       640    0.7816    0.9112    0.9137    0.5363   0.02922   0.03278  0.002271
     43/59     9.23G    0.0234   0.02549 0.0009575   0.04985        78       640    0.7798    0.9229    0.9239    0.5355   0.02916   0.03337  0.001895
     44/59     9.23G   0.02296    0.0264 0.0009633   0.05032        97       640     0.772    0.9166    0.9125    0.5312   0.02916   0.03341  0.001631
     45/59     9.23G   0.02302   0.02524  0.001057   0.04931       118       640    0.7829    0.9241     0.914    0.5448   0.02891   0.03289  0.001556
     46/59     9.23G   0.02305   0.02492 0.0009724   0.04894       100       640    0.7752    0.9075    0.8972    0.5171   0.02958   0.03327  0.002357
     47/59     9.23G   0.02257   0.02488 0.0009284   0.04838       203       640    0.7934    0.9283    0.9157    0.5354   0.02901   0.03303  0.001772
     48/59     9.23G   0.02161   0.02393 0.0008752   0.04642       126       640    0.8005    0.9189    0.9174    0.5331   0.02879   0.03361  0.002197
     49/59     9.23G   0.02208   0.02498 0.0008254   0.04789       128       640    0.7853     0.921     0.916     0.536   0.02927   0.03382  0.002247
     50/59     9.23G   0.02167   0.02404   0.00104   0.04675       115       640    0.7839    0.9268    0.9158    0.5365   0.02899   0.03411  0.001861
     51/59     9.23G   0.02138   0.02357 0.0006714   0.04562        85       640    0.7761    0.9289    0.9281    0.5405   0.02877   0.03328  0.001713
     52/59     9.23G   0.02174   0.02503 0.0007912   0.04756       149       640    0.7882    0.9248     0.918    0.5394   0.02885   0.03429  0.001597
     53/59     9.23G    0.0211   0.02573 0.0008872   0.04771       143       640    0.7939    0.9096    0.9092    0.5365   0.02854   0.03414  0.001976
     54/59     9.23G    0.0209   0.02412 0.0008235   0.04584        68       640    0.7888    0.9218    0.9111    0.5378   0.02876   0.03454  0.002138
     55/59     9.23G   0.02041   0.02322 0.0007609   0.04439       110       640    0.7701    0.9201    0.9137    0.5399   0.02844   0.03437  0.001991
     56/59     9.23G   0.02025   0.02312 0.0007836   0.04415        97       640    0.7718    0.9111    0.9096    0.5322   0.02874   0.03458  0.002185
     57/59     9.23G   0.02043   0.02302 0.0007861   0.04423       170       640    0.7745    0.9313    0.9218    0.5313   0.02887   0.03459  0.001854
     58/59     9.23G   0.01995    0.0227 0.0006434   0.04329       110       640    0.7815    0.9122    0.9071      0.53   0.02886   0.03432  0.003144
     59/59     9.23G   0.02018   0.02292 0.0006869   0.04379        86       640    0.7939    0.9157    0.9044    0.5408   0.02905   0.03441  0.002009
